eval_loss = 5.936871999750535
eval_acc = 0.06842105263157895
